POLYGON((679512.4774 3386222.0787,679512.4774 3386324.4787,679614.8774 3386324.4787,679614.8774 3386222.0787,679512.4774 3386222.0787))
POLYGON((679512.4774 3386273.2786999997,679512.4774 3386324.4787,679563.6773999999 3386324.4787,679563.6773999999 3386273.2786999997,679512.4774 3386273.2786999997))
POLYGON((679512.4774 3386298.8787,679512.4774 3386324.4787,679538.0774 3386324.4787,679538.0774 3386298.8787,679512.4774 3386298.8787))
POLYGON((679512.4774 3386311.6787,679512.4774 3386324.4787,679525.2774 3386324.4787,679525.2774 3386311.6787,679512.4774 3386311.6787))
POLYGON((679525.2774 3386311.6787,679525.2774 3386324.4787,679538.0774000001 3386324.4787,679538.0774000001 3386311.6787,679525.2774 3386311.6787))
POLYGON((679512.4774 3386298.8787,679512.4774 3386311.6786999996,679525.2774 3386311.6786999996,679525.2774 3386298.8787,679512.4774 3386298.8787))
POLYGON((679525.2774 3386298.8787,679525.2774 3386311.6786999996,679538.0774000001 3386311.6786999996,679538.0774000001 3386298.8787,679525.2774 3386298.8787))
POLYGON((679538.0774 3386298.8787,679538.0774 3386324.4787,679563.6773999999 3386324.4787,679563.6773999999 3386298.8787,679538.0774 3386298.8787))
POLYGON((679538.0774 3386311.6787,679538.0774 3386324.4787,679550.8774 3386324.4787,679550.8774 3386311.6787,679538.0774 3386311.6787))
POLYGON((679550.8774 3386311.6787,679550.8774 3386324.4787,679563.6774 3386324.4787,679563.6774 3386311.6787,679550.8774 3386311.6787))
POLYGON((679538.0774 3386298.8787,679538.0774 3386311.6786999996,679550.8774 3386311.6786999996,679550.8774 3386298.8787,679538.0774 3386298.8787))
POLYGON((679550.8774 3386298.8787,679550.8774 3386311.6786999996,679563.6774 3386311.6786999996,679563.6774 3386298.8787,679550.8774 3386298.8787))
POLYGON((679512.4774 3386273.2786999997,679512.4774 3386298.8787,679538.0774 3386298.8787,679538.0774 3386273.2786999997,679512.4774 3386273.2786999997))
POLYGON((679512.4774 3386286.0787,679512.4774 3386298.8787,679525.2774 3386298.8787,679525.2774 3386286.0787,679512.4774 3386286.0787))
POLYGON((679525.2774 3386286.0787,679525.2774 3386298.8787,679538.0774000001 3386298.8787,679538.0774000001 3386286.0787,679525.2774 3386286.0787))
POLYGON((679512.4774 3386273.2786999997,679512.4774 3386286.0786999995,679525.2774 3386286.0786999995,679525.2774 3386273.2786999997,679512.4774 3386273.2786999997))
POLYGON((679525.2774 3386273.2786999997,679525.2774 3386286.0786999995,679538.0774000001 3386286.0786999995,679538.0774000001 3386273.2786999997,679525.2774 3386273.2786999997))
POLYGON((679538.0774 3386273.2786999997,679538.0774 3386298.8787,679563.6773999999 3386298.8787,679563.6773999999 3386273.2786999997,679538.0774 3386273.2786999997))
POLYGON((679538.0774 3386286.0787,679538.0774 3386298.8787,679550.8774 3386298.8787,679550.8774 3386286.0787,679538.0774 3386286.0787))
POLYGON((679550.8774 3386286.0787,679550.8774 3386298.8787,679563.6774 3386298.8787,679563.6774 3386286.0787,679550.8774 3386286.0787))
POLYGON((679538.0774 3386273.2786999997,679538.0774 3386286.0786999995,679550.8774 3386286.0786999995,679550.8774 3386273.2786999997,679538.0774 3386273.2786999997))
POLYGON((679550.8774 3386273.2786999997,679550.8774 3386286.0786999995,679563.6774 3386286.0786999995,679563.6774 3386273.2786999997,679550.8774 3386273.2786999997))
POLYGON((679563.6773999999 3386273.2786999997,679563.6773999999 3386324.4787,679614.8773999999 3386324.4787,679614.8773999999 3386273.2786999997,679563.6773999999 3386273.2786999997))
POLYGON((679563.6773999999 3386298.8787,679563.6773999999 3386324.4787,679589.2773999999 3386324.4787,679589.2773999999 3386298.8787,679563.6773999999 3386298.8787))
POLYGON((679563.6773999999 3386311.6787,679563.6773999999 3386324.4787,679576.4774 3386324.4787,679576.4774 3386311.6787,679563.6773999999 3386311.6787))
POLYGON((679576.4774 3386311.6787,679576.4774 3386324.4787,679589.2774 3386324.4787,679589.2774 3386311.6787,679576.4774 3386311.6787))
POLYGON((679563.6773999999 3386298.8787,679563.6773999999 3386311.6786999996,679576.4774 3386311.6786999996,679576.4774 3386298.8787,679563.6773999999 3386298.8787))
POLYGON((679576.4774 3386298.8787,679576.4774 3386311.6786999996,679589.2774 3386311.6786999996,679589.2774 3386298.8787,679576.4774 3386298.8787))
POLYGON((679589.2773999999 3386298.8787,679589.2773999999 3386324.4787,679614.8773999999 3386324.4787,679614.8773999999 3386298.8787,679589.2773999999 3386298.8787))
POLYGON((679589.2773999999 3386311.6787,679589.2773999999 3386324.4787,679602.0774 3386324.4787,679602.0774 3386311.6787,679589.2773999999 3386311.6787))
POLYGON((679602.0774 3386311.6787,679602.0774 3386324.4787,679614.8774 3386324.4787,679614.8774 3386311.6787,679602.0774 3386311.6787))
POLYGON((679589.2773999999 3386298.8787,679589.2773999999 3386311.6786999996,679602.0774 3386311.6786999996,679602.0774 3386298.8787,679589.2773999999 3386298.8787))
POLYGON((679602.0774 3386298.8787,679602.0774 3386311.6786999996,679614.8774 3386311.6786999996,679614.8774 3386298.8787,679602.0774 3386298.8787))
POLYGON((679563.6773999999 3386273.2786999997,679563.6773999999 3386298.8787,679589.2773999999 3386298.8787,679589.2773999999 3386273.2786999997,679563.6773999999 3386273.2786999997))
POLYGON((679563.6773999999 3386286.0787,679563.6773999999 3386298.8787,679576.4774 3386298.8787,679576.4774 3386286.0787,679563.6773999999 3386286.0787))
POLYGON((679576.4774 3386286.0787,679576.4774 3386298.8787,679589.2774 3386298.8787,679589.2774 3386286.0787,679576.4774 3386286.0787))
POLYGON((679563.6773999999 3386273.2786999997,679563.6773999999 3386286.0786999995,679576.4774 3386286.0786999995,679576.4774 3386273.2786999997,679563.6773999999 3386273.2786999997))
POLYGON((679576.4774 3386273.2786999997,679576.4774 3386286.0786999995,679589.2774 3386286.0786999995,679589.2774 3386273.2786999997,679576.4774 3386273.2786999997))
POLYGON((679589.2773999999 3386273.2786999997,679589.2773999999 3386298.8787,679614.8773999999 3386298.8787,679614.8773999999 3386273.2786999997,679589.2773999999 3386273.2786999997))
POLYGON((679589.2773999999 3386286.0787,679589.2773999999 3386298.8787,679602.0774 3386298.8787,679602.0774 3386286.0787,679589.2773999999 3386286.0787))
POLYGON((679602.0774 3386286.0787,679602.0774 3386298.8787,679614.8774 3386298.8787,679614.8774 3386286.0787,679602.0774 3386286.0787))
POLYGON((679589.2773999999 3386273.2786999997,679589.2773999999 3386286.0786999995,679602.0774 3386286.0786999995,679602.0774 3386273.2786999997,679589.2773999999 3386273.2786999997))
POLYGON((679602.0774 3386273.2786999997,679602.0774 3386286.0786999995,679614.8774 3386286.0786999995,679614.8774 3386273.2786999997,679602.0774 3386273.2786999997))
POLYGON((679512.4774 3386222.0787,679512.4774 3386273.2786999997,679563.6773999999 3386273.2786999997,679563.6773999999 3386222.0787,679512.4774 3386222.0787))
POLYGON((679512.4774 3386247.6786999996,679512.4774 3386273.2786999997,679538.0774 3386273.2786999997,679538.0774 3386247.6786999996,679512.4774 3386247.6786999996))
POLYGON((679512.4774 3386260.4787,679512.4774 3386273.2786999997,679525.2774 3386273.2786999997,679525.2774 3386260.4787,679512.4774 3386260.4787))
POLYGON((679525.2774 3386260.4787,679525.2774 3386273.2786999997,679538.0774000001 3386273.2786999997,679538.0774000001 3386260.4787,679525.2774 3386260.4787))
POLYGON((679512.4774 3386247.6786999996,679512.4774 3386260.4786999994,679525.2774 3386260.4786999994,679525.2774 3386247.6786999996,679512.4774 3386247.6786999996))
POLYGON((679525.2774 3386247.6786999996,679525.2774 3386260.4786999994,679538.0774000001 3386260.4786999994,679538.0774000001 3386247.6786999996,679525.2774 3386247.6786999996))
POLYGON((679538.0774 3386247.6786999996,679538.0774 3386273.2786999997,679563.6773999999 3386273.2786999997,679563.6773999999 3386247.6786999996,679538.0774 3386247.6786999996))
POLYGON((679538.0774 3386260.4787,679538.0774 3386273.2786999997,679550.8774 3386273.2786999997,679550.8774 3386260.4787,679538.0774 3386260.4787))
POLYGON((679550.8774 3386260.4787,679550.8774 3386273.2786999997,679563.6774 3386273.2786999997,679563.6774 3386260.4787,679550.8774 3386260.4787))
POLYGON((679538.0774 3386247.6786999996,679538.0774 3386260.4786999994,679550.8774 3386260.4786999994,679550.8774 3386247.6786999996,679538.0774 3386247.6786999996))
POLYGON((679550.8774 3386247.6786999996,679550.8774 3386260.4786999994,679563.6774 3386260.4786999994,679563.6774 3386247.6786999996,679550.8774 3386247.6786999996))
POLYGON((679512.4774 3386222.0787,679512.4774 3386247.6787,679538.0774 3386247.6787,679538.0774 3386222.0787,679512.4774 3386222.0787))
POLYGON((679512.4774 3386234.8787000002,679512.4774 3386247.6787,679525.2774 3386247.6787,679525.2774 3386234.8787000002,679512.4774 3386234.8787000002))
POLYGON((679525.2774 3386234.8787000002,679525.2774 3386247.6787,679538.0774000001 3386247.6787,679538.0774000001 3386234.8787000002,679525.2774 3386234.8787000002))
POLYGON((679512.4774 3386222.0787,679512.4774 3386234.8787,679525.2774 3386234.8787,679525.2774 3386222.0787,679512.4774 3386222.0787))
POLYGON((679525.2774 3386222.0787,679525.2774 3386234.8787,679538.0774000001 3386234.8787,679538.0774000001 3386222.0787,679525.2774 3386222.0787))
POLYGON((679538.0774 3386222.0787,679538.0774 3386247.6787,679563.6773999999 3386247.6787,679563.6773999999 3386222.0787,679538.0774 3386222.0787))
POLYGON((679538.0774 3386234.8787000002,679538.0774 3386247.6787,679550.8774 3386247.6787,679550.8774 3386234.8787000002,679538.0774 3386234.8787000002))
POLYGON((679550.8774 3386234.8787000002,679550.8774 3386247.6787,679563.6774 3386247.6787,679563.6774 3386234.8787000002,679550.8774 3386234.8787000002))
POLYGON((679538.0774 3386222.0787,679538.0774 3386234.8787,679550.8774 3386234.8787,679550.8774 3386222.0787,679538.0774 3386222.0787))
POLYGON((679550.8774 3386222.0787,679550.8774 3386234.8787,679563.6774 3386234.8787,679563.6774 3386222.0787,679550.8774 3386222.0787))
POLYGON((679563.6773999999 3386222.0787,679563.6773999999 3386273.2786999997,679614.8773999999 3386273.2786999997,679614.8773999999 3386222.0787,679563.6773999999 3386222.0787))
POLYGON((679563.6773999999 3386247.6786999996,679563.6773999999 3386273.2786999997,679589.2773999999 3386273.2786999997,679589.2773999999 3386247.6786999996,679563.6773999999 3386247.6786999996))
POLYGON((679563.6773999999 3386260.4787,679563.6773999999 3386273.2786999997,679576.4774 3386273.2786999997,679576.4774 3386260.4787,679563.6773999999 3386260.4787))
POLYGON((679576.4774 3386260.4787,679576.4774 3386273.2786999997,679589.2774 3386273.2786999997,679589.2774 3386260.4787,679576.4774 3386260.4787))
POLYGON((679563.6773999999 3386247.6786999996,679563.6773999999 3386260.4786999994,679576.4774 3386260.4786999994,679576.4774 3386247.6786999996,679563.6773999999 3386247.6786999996))
POLYGON((679576.4774 3386247.6786999996,679576.4774 3386260.4786999994,679589.2774 3386260.4786999994,679589.2774 3386247.6786999996,679576.4774 3386247.6786999996))
POLYGON((679589.2773999999 3386247.6786999996,679589.2773999999 3386273.2786999997,679614.8773999999 3386273.2786999997,679614.8773999999 3386247.6786999996,679589.2773999999 3386247.6786999996))
POLYGON((679589.2773999999 3386260.4787,679589.2773999999 3386273.2786999997,679602.0774 3386273.2786999997,679602.0774 3386260.4787,679589.2773999999 3386260.4787))
POLYGON((679602.0774 3386260.4787,679602.0774 3386273.2786999997,679614.8774 3386273.2786999997,679614.8774 3386260.4787,679602.0774 3386260.4787))
POLYGON((679589.2773999999 3386247.6786999996,679589.2773999999 3386260.4786999994,679602.0774 3386260.4786999994,679602.0774 3386247.6786999996,679589.2773999999 3386247.6786999996))
POLYGON((679602.0774 3386247.6786999996,679602.0774 3386260.4786999994,679614.8774 3386260.4786999994,679614.8774 3386247.6786999996,679602.0774 3386247.6786999996))
POLYGON((679563.6773999999 3386222.0787,679563.6773999999 3386247.6787,679589.2773999999 3386247.6787,679589.2773999999 3386222.0787,679563.6773999999 3386222.0787))
POLYGON((679563.6773999999 3386234.8787000002,679563.6773999999 3386247.6787,679576.4774 3386247.6787,679576.4774 3386234.8787000002,679563.6773999999 3386234.8787000002))
POLYGON((679576.4774 3386234.8787000002,679576.4774 3386247.6787,679589.2774 3386247.6787,679589.2774 3386234.8787000002,679576.4774 3386234.8787000002))
POLYGON((679563.6773999999 3386222.0787,679563.6773999999 3386234.8787,679576.4774 3386234.8787,679576.4774 3386222.0787,679563.6773999999 3386222.0787))
POLYGON((679576.4774 3386222.0787,679576.4774 3386234.8787,679589.2774 3386234.8787,679589.2774 3386222.0787,679576.4774 3386222.0787))
POLYGON((679589.2773999999 3386222.0787,679589.2773999999 3386247.6787,679614.8773999999 3386247.6787,679614.8773999999 3386222.0787,679589.2773999999 3386222.0787))
POLYGON((679589.2773999999 3386234.8787000002,679589.2773999999 3386247.6787,679602.0774 3386247.6787,679602.0774 3386234.8787000002,679589.2773999999 3386234.8787000002))
POLYGON((679602.0774 3386234.8787000002,679602.0774 3386247.6787,679614.8774 3386247.6787,679614.8774 3386234.8787000002,679602.0774 3386234.8787000002))
POLYGON((679589.2773999999 3386222.0787,679589.2773999999 3386234.8787,679602.0774 3386234.8787,679602.0774 3386222.0787,679589.2773999999 3386222.0787))
POLYGON((679602.0774 3386222.0787,679602.0774 3386234.8787,679614.8774 3386234.8787,679614.8774 3386222.0787,679602.0774 3386222.0787))